0.259338280230671
0.259345400641163
0.259393524470911
0.259519022880038
0.259753405798548
0.260123533284158
0.260651826880131
0.261356480973103
0.262251674150918
0.26334778056046
0.26465158126548
0.26616647560443
0.267892692548293
0.269827502058417
0.271965426444342
0.274298451721635
0.276816238969718
0.279506335689703
0.282354387162218
0.285344347805245
0.288458692531944
0.291678628108489
0.294984304511899
0.298355026287866
0.30176946390859
0.305205865130609
0.308642266352627
0.312056703973352
0.315427425749319
0.318733102152729
0.321953037729274
0.325067382455973
0.328057343098999
0.330905394571515
0.333595491291499
0.336113278539583
0.338446303816876
0.340584228202801
0.342519037712925
0.344245254656788
0.345760148995738
0.347063949700757
0.348160056110299
0.349055249288115
0.349759903381087
0.350288196977059
0.35065832446267
0.35089270738118
0.351018205790306
0.351066329620055
0.351073450030546
0.351066380155942
0.35101859787679
0.350893990171015
0.350661270744916
0.35029377017541
0.34976922605228
0.349069573120413
0.348180733422052
0.347092406439036
0.345797859235046
0.34429371659785
0.342579751181544
0.340658673648804
0.338535922813124
0.336219455781062
0.333719538094487
0.331048533872821
0.328220695955285
0.325251956043144
0.32215971484195
0.318962632203786
0.315680417269514
0.312333618611018
0.308943414373446
0.305531402417459
0.302119390461472
0.2987291862239
0.295382387565404
0.292100172631133
0.288903089992969
0.285810848791774
0.282842108879633
0.280014270962098
0.277343266740432
0.274843349053857
0.272526882021795
0.270404131186114
0.268483053653374
0.266769088237069
0.265264945599872
0.263970398395882
0.262882071412866
0.261993231714506
0.261293578782639
0.260769034659508
0.260401534090003
0.260168814663903
0.260044206958128
0.259996424678976
0.259989354804372
0.259985604955326
0.259960261318569
0.259894169610757
0.259770735636779
0.259575813981577
0.259297596701955
0.258926502018401
0.258455063006899
0.257877816290747
0.257191190732374
0.25639339612515
0.255484311885212
0.254465375743269
0.253339472436426
0.252110822399995
0.250784870459314
0.249368174521563
0.247868294267577
0.246293679843663
0.244653560553418
0.242957833549544
0.241216952525661
0.239441816408128
0.237643658047855
0.235833932912119
0.234024207776383
0.232226049416109
0.230450913298576
0.228710032274694
0.227014305270819
0.225374185980574
0.223799571556661
0.222299691302674
0.220882995364923
0.219557043424243
0.218328393387812
0.217202490080968
0.216183553939026
0.215274469699087
0.214476675091864
0.21379004953349
0.213212802817339
0.212741363805837
0.212370269122283
0.212092051842661
0.211897130187458
0.211773696213481
0.211707604505668
0.211682260868911
0.211678511019865
0.211683468793178
0.211716976276926
0.211804357849138
0.211967553128356
0.212225264137096
0.2125931024653
0.213083736433791
0.213707038257733
0.214470231210085
0.215378036785055
0.216432821861558
0.217634745866671
0.21898190793909
0.220470494092583
0.22209492437945
0.223848000053975
0.225721050735883
0.227704081573799
0.2297859204087
0.231954364937369
0.234196329875858
0.236497994122938
0.238844947923557
0.241222340032295
0.24361502487682
0.246007709721346
0.248385101830083
0.250732055630702
0.253033719877783
0.255275684816272
0.257444129344941
0.259525968179841
0.261508999017757
0.263382049699666
0.265135125374191
0.266759555661058
0.268248141814551
0.26959530388697
0.270797227892083
0.271852012968586
0.272759818543556
0.273523011495908
0.27414631331985
0.274636947288341
0.275004785616544
0.275262496625284
0.275425691904503
0.275513073476715
0.275546580960463
0.275551538733776
0.275564507493973
0.275652157834988
0.27588073437211
0.276307627718776
0.276981759443177
0.277943967024858
0.279227388811323
0.280857848974632
0.282854242468007
0.285228919982435
0.287988072903266
0.291132118266821
0.294656083716988
0.298549992461827
0.302799248230173
0.307385020228238
0.312284628096211
0.317471926864862
0.322917691912145
0.328590003919797
0.334454633829943
0.340475427801697
0.346614692167765
0.352833578391046
0.359092468021234
0.365351357651422
0.371570243874702
0.37770950824077
0.383730302212525
0.38959493212267
0.395267244130322
0.400713009177605
0.405900307946257
0.41079991581423
0.415385687812295
0.419634943580641
0.42352885232548
0.427052817775646
0.430196863139201
0.432956016060033
0.435330693574461
0.437327087067836
0.438957547231145
0.440240969017609
0.441203176599291
0.441877308323692
0.442304201670358
0.442532778207479
0.442620428548495
0.442633397308692
0.442613693397303
0.442480523030488
0.442133238342933
0.441484643677953
0.440460410708864
0.438998493560341
0.437048543929783
0.434571326208676
0.431538132603961
0.427930198259391
0.423738116376901
0.418961253337969
0.413607163824978
0.407691005942585
0.401234956339079
0.394267625327747
0.386823472008241
0.378942219387937
0.370668269503301
0.362050118541252
0.353139771960527
0.343992159613044
0.334664550865266
0.325215969719564
0.315706609935582
0.3061972501516
0.296748669005898
0.28742106025812
0.278273447910637
0.269363101329912
0.260744950367863
0.252471000483227
0.244589747862923
0.237145594543417
0.230178263532085
0.223722213928579
0.217806056046186
0.212451966533195
0.207675103494263
0.203483021611773
0.199875087267203
0.196841893662488
0.194364675941381
0.192414726310823
0.1909528091623
0.189928576193211
0.189279981528231
0.188932696840676
0.188799526473861
0.188779822562472
0.188798302443822
0.188923200111572
0.189248911067836
0.189857214273038
0.190817820691209
0.192188921835273
0.19401773831234
0.196341068368996
0.199185836436594
0.202569641676545
0.206501306525608
0.210981425241182
0.216002912446594
0.221551551676394
0.22760654392164
0.234141056175197
0.241122769977016
0.248514429959439
0.256274392392476
0.264357173729105
0.272713999150558
0.281293351111617
0.290041517885896
0.29890314211114
0.307821769334512
0.316740396557884
0.325602020783128
0.334350187557407
0.342929539518465
0.351286364939919
0.359369146276548
0.367129108709585
0.374520768692007
0.381502482493827
0.388036994747383
0.39409198699263
0.399640626222429
0.404662113427842
0.409142232143415
0.413073896992479
0.41645770223243
0.419302470300028
0.421625800356683
0.42345461683375
0.424825717977814
0.425786324395985
0.426394627601188
0.426720338557451
0.426845236225202
0.426863716106552
0.426855893537544
0.426803024116669
0.426665150047916
0.426407654141426
0.426001027613222
0.425420637884941
0.424646496383568
0.423663026341166
0.422458830594614
0.421026459385332
0.419362178159021
0.417465735365391
0.415340130257896
0.412991380693464
0.410428290932234
0.407662219437283
0.404706846674364
0.401577942911636
0.398293136019396
0.394871679269812
0.391334219136658
0.387702563095043
0.383999447421148
0.380248304991952
0.376473033084973
0.372697761177994
0.368946618748799
0.365243503074903
0.361611847033289
0.358074386900135
0.354652930150551
0.35136812325831
0.348239219495582
0.345283846732664
0.342517775237713
0.339954685476483
0.337605935912051
0.335480330804556
0.333583888010926
0.331919606784615
0.330487235575333
0.32928303982878
0.328299569786379
0.327525428285005
0.326945038556724
0.326538412028521
0.326280916122031
0.326143042053278
0.326090172632402
0.326082350063395
0.326068183766971
0.325972439787315
0.325722756476713
0.325256443768455
0.324520062673311
0.323469004776006
0.322067071731706
0.320286054762487
0.318105314153821
0.31551135875105
0.312497425455864
0.309063058722781
0.305213690055625
0.300960217504002
0.296318585159782
0.291309362653574
0.285957324651205
0.280291030350198
0.27434240297625
0.268146309279714
0.26174013903207
0.255163384522408
0.248457220053907
0.241664081440311
0.234827245502405
0.2279904095645
0.221197270950904
0.214491106482403
0.207914351972741
0.201508181725097
0.195312088028561
0.189363460654613
0.183697166353606
0.178345128351236
0.173335905845028
0.168694273500809
0.164440800949186
0.16059143228203
0.157157065548947
0.154143132253761
0.15154917685099
0.149368436242324
0.147587419273105
0.146185486228804
0.1451344283315
0.144398047236356
0.143931734528098
0.143682051217496
0.14358630723784
0.143572140941416
0.143587081256487
0.143688056499373
0.143951382016268
0.144443173136151
0.145219788649795
0.146328274288774
0.147806806204478
0.149685134447119
0.151985026444739
0.15472071048222
0.157899319180299
0.161521332974567
0.165581023594487
0.1700668975424
0.174962139572535
0.180245056170017
0.185889519029877
0.191865408536065
0.198139057240453
0.204673693341847
0.211429884165
0.218365979639616
0.225438555779363
0.232602858160877
0.239813245402781
0.247023632644685
0.254187935026199
0.261260511165946
0.268196606640561
0.274952797463714
0.281487433565109
0.287761082269497
0.293736971775684
0.299381434635545
0.304664351233027
0.309559593263162
0.314045467211075
0.318105157830995
0.321727171625263
0.324905780323342
0.327641464360823
0.329941356358443
0.331819684601084
0.333298216516788
0.334406702155767
0.33518331766941
0.335675108789294
0.335938434306189
0.336039409549075
0.336054349864146
0.336055666715058
0.33606456675097
0.336087776465449
0.336131123314666
0.336199574805978
0.336297277586507
0.33642759653173
0.336593153834053
0.3367958680914
0.337036993395792
0.33731715842193
0.337636405515778
0.337994229783147
0.338389618178274
0.338821088592406
0.339286728942384
0.339784236259225
0.340310955776702
0.340863920019928
0.34143988789394
0.34203538377228
0.342646736585578
0.343270118910131
0.343901586056493
0.344537115158051
0.345172644259608
0.34580411140597
0.346427493730524
0.347038846543821
0.347634342422161
0.348210310296174
0.3487632745394
0.349289994056877
0.349787501373717
0.350253141723696
0.350684612137828
0.351080000532955
0.351437824800323
0.351757071894172
0.35203723692031
0.352278362224702
0.352481076482049
0.352646633784372
0.352776952729594
0.352874655510124
0.352943107001436
0.352986453850653
0.353009663565132
0.353018563601044
0.353019880451956
0.353020292867249
0.35302308020702
0.353030349094572
0.353043924589995
0.353065362432047
0.353095961280034
0.353136774955684
0.35318862468503
0.353252111340288
0.353327627681735
0.353415370599587
0.353515353355879
0.353627417826345
0.353751246742293
0.353886375932487
0.354032206565025
0.354188017389217
0.354352976977464
0.354526155967137
0.354706539302457
0.354893038476371
0.355084503772433
0.355279736506682
0.355477501269519
0.35567653816759
0.355875575065661
0.356073339828498
0.356268572562746
0.356460037858808
0.356646537032722
0.356826920368042
0.357000099357715
0.357165058945963
0.357320869770154
0.357466700402692
0.357601829592886
0.357725658508834
0.3578377229793
0.357937705735593
0.358025448653444
0.358100964994891
0.358164451650149
0.358216301379496
0.358257115055145
0.358287713903132
0.358309151745184
0.358322727240607
0.358329996128159
0.35833278346793
0.358333195883223
0.35832259236801
0.358250927713081
0.358064039008852
0.357715002553022
0.357163819102437
0.356377099124941
0.355327748051235
0.353994651526735
0.35236236066343
0.350420777291735
0.348164839212353
0.345594205448129
0.342712941495908
0.339529204578393
0.336054928896001
0.33230551087872
0.328299494437969
0.324058256218448
0.319605690850005
0.314967896199486
0.310172858622593
0.305250138215745
0.300230554067929
0.295145869512564
0.290028477379353
0.284911085246142
0.279826400690777
0.274806816542961
0.269884096136113
0.26508905855922
0.260451263908701
0.255998698540258
0.251757460320737
0.247751443879986
0.244002025862705
0.240527750180313
0.237344013262798
0.234462749310577
0.231892115546353
0.229636177466971
0.227694594095276
0.226062303231971
0.224729206707471
0.223679855633765
0.222893135656269
0.222341952205684
0.221992915749854
0.221806027045625
0.221734362390696
0.221723758875483
0.22172822769269
0.221758430529828
0.221837194170042
0.221984294455967
0.22221658893932
0.222548149530484
0.222990395148098
0.223552224368641
0.224240148076021
0.225058422111165
0.2260091799216
0.227092565211047
0.228306864589002
0.22964864022033
0.231112862474845
0.232693042576904
0.234381365254989
0.236168821391299
0.238045340671332
0.239999924233477
0.242020777318598
0.244095441919624
0.246210929431134
0.248353853298946
0.250510561669702
0.252667270040458
0.25481019390827
0.25692568141978
0.259000346020806
0.261021199105927
0.262975782668072
0.264852301948105
0.266639758084414
0.2683280807625
0.269908260864559
0.271372483119074
0.272714258750402
0.273928558128357
0.275011943417804
0.275962701228239
0.276780975263383
0.277468898970763
0.278030728191306
0.27847297380892
0.278804534400084
0.279036828883437
0.279183929169363
0.279262692809576
0.279292895646714
0.279297364463921
0.279290390509036
0.279243256510515
0.279120339405597
0.278890777373808
0.278528262826427
0.27801083539595
0.277320674925557
0.27644389445858
0.275370333227963
0.274093349645735
0.272609614292471
0.270918902906759
0.269023889374665
0.266929938719201
0.264644900089789
0.262178899751726
0.259544134075654
0.25675466252702
0.253826200655546
0.250775913084692
0.247622206501126
0.244384522644185
0.241083131295341
0.237738923267674
0.234373203395327
0.23100748352298
0.227663275495313
0.22436188414647
0.221124200289528
0.217970493705962
0.214920206135109
0.211991744263634
0.209202272715
0.206567507038928
0.204101506700866
0.201816468071453
0.199722517415989
0.197827503883895
0.196136792498183
0.194653057144919
0.193376073562691
0.192302512332075
0.191425731865097
0.190735571394705
0.190218143964227
0.189855629416846
0.189626067385058
0.18950315028014
0.189456016281619
0.189449042326733
0.189439122315442
0.189372077173171
0.18919723533829
0.188870697816243
0.188355043720112
0.187619035811178
0.186637326039483
0.185390161084392
0.183863087895153
0.182046659231464
0.179936139204028
0.177531208815121
0.174835671499152
0.171857158663222
0.168606835227691
0.165099105166737
0.161351317048918
0.157383469577734
0.153217917132189
0.148879075307357
0.144393126454934
0.139787725223813
0.135091704100632
0.13033477895035
0.125547254556798
0.120759730163246
0.116002805012964
0.111306783889784
0.106701382658662
0.102215433806239
0.0978765919814067
0.0937110395358624
0.0897431920646784
0.0859954039468592
0.0824876738859051
0.0792373504503742
0.0762588376144445
0.073563300298475
0.0711583699095683
0.0690478498821322
0.0672314212184426
0.0657043480292041
0.0644571830741128
0.0634754733024179
0.0627394653934844
0.0622238112973535
0.0618972737753062
0.0617224319404247
0.0616553867981536
0.061645466786863
0.0616622136034815
0.0617753982229223
0.0620705636275002
0.0626218194517723
0.0634923390846152
0.0647348567713006
0.0663921647155723
0.0684976101817225
0.071075592596668
0.0741420606520268
0.0777050094061944
0.0817649773864202
0.0863155436908848
0.0913438250907732
0.0968309731323558
0.102752671239062
0.109079631813556
0.115778093339817
0.12281031748521
0.130135086202567
0.137708198832263
0.145482969204285
0.153410722740321
0.161441293555826
0.169523521562104
0.177605749568382
0.185636320383887
0.193564073919923
0.201338844291945
0.20891195692164
0.216236725638997
0.223268949784391
0.229967411310651
0.236294371885146
0.242216069991852
0.247703218033435
0.252731499433323
0.257282065737788
0.261342033718013
0.264904982472181
0.26797145052754
0.270549432942485
0.272654878408636
0.274312186352907
0.275554704039593
0.276425223672435
0.276976479496708
0.277271644901285
0.277384829520726
0.277401576337345
0.277394100900344
0.27734357759724
0.27721182178735
0.276965752442985
0.276577170253232
0.276022535727732
0.275282747300471
0.274342919433555
0.273192160720999
0.271823351992505
0.270232924417251
0.268420637607667
0.266389357723223
0.264144835574212
0.261695484725528
0.259052159600455
0.256227933584447
0.25323787712891
0.250098835854987
0.246829208657341
0.243448725807935
0.23997822705982
0.236439439750914
0.232854756907784
0.229247015349435
0.225639273791086
0.222054590947957
0.21851580363905
0.215045304890935
0.211664822041529
0.208395194843883
0.20525615356996
0.202266097114423
0.199441871098415
0.196798545973342
0.194349195124659
0.192104672975647
0.190073393091203
0.188261106281619
0.186670678706365
0.185301869977871
0.184151111265315
0.183211283398399
0.182471494971138
0.181916860445639
0.181528278255885
0.181282208911521
0.181150453101631
0.181099929798526
0.181092454361526
0.181109147082192
0.181221966090071
0.18151617804457
0.182065653189599
0.1829333608499
0.184171864927374
0.185823819397402
0.187922463805178
0.190492118762029
0.19354868144174
0.197100121076887
0.201146974455156
0.205682841415673
0.210694880345323
0.216164303675087
0.222066873376358
0.228373396457272
0.235050220459033
0.242059728952237
0.2493608370332
0.256909486820283
0.264659142950214
0.272561288074424
0.280565918355363
0.288622038962828
0.296678159570293
0.304682789851232
0.312584934975442
0.320334591105373
0.327883240892456
0.335184348973419
0.342193857466623
0.348870681468384
0.355177204549298
0.361079774250569
0.366549197580333
0.371561236509983
0.3760971034705
0.380143956848769
0.383695396483916
0.386751959163627
0.389321614120478
0.391420258528254
0.393072212998282
0.394310717075756
0.395178424736057
0.395727899881086
0.396022111835585
0.396134930843464
0.39615162356413
0.396127178782269
0.395961966885865
0.39553112357443
0.394726473432194
0.393455804324413
0.391642141793695
0.389223023456308
0.386149773398505
0.382386776572833
0.377910753194457
0.372710033137472
0.36678383033122
0.360141517156609
0.352801898842431
0.344792487861673
0.33614877832784
0.326913520391266
0.317135994635438
0.306871286473306
0.296179560543602
0.285125335107158
0.273776756443225
0.262204873245783
0.250482911019864
0.238685546477863
0.226888181935863
0.215166219709943
0.203594336512502
0.192245757848569
0.181191532412125
0.170499806482421
0.160235098320289
0.15045757256446
0.141222314627887
0.132578605094053
0.124569194113296
0.117229575799118
0.110587262624506
0.104661059818255
0.0994603397612692
0.0949843163828932
0.0912213195572217
0.0881480694994182
0.0857289511620318
0.0839152886313131
0.0826446195235329
0.0818399693812962
0.0814091260698621
0.0812439141734574
0.0812194693915963
0.0812302501315511
0.081303112573225
0.081493124892756
0.0818479950645322
0.0824083908699632
0.0832082599062518
0.0842751495951658
0.0856305271918101
0.0872900997933979
0.0892641343480227
0.0915577776634302
0.0941713764157898
0.0971007971584669
0.100337746330793
0.103870090266839
0.107682175204188
0.111755147292703
0.116067272603305
0.120594257136737
0.125309566832343
0.130184747576834
0.135189745213064
0.140293225548799
0.145462894365491
0.150665817427047
0.155868740488602
0.161038409305294
0.166141889641029
0.171146887277259
0.17602206802175
0.180737377717356
0.185264362250788
0.18957648756139
0.193649459649906
0.197461544587254
0.2009938885233
0.204230837695626
0.207160258438303
0.209773857190663
0.21206750050607
0.214041535060695
0.215701107662283
0.217056485258927
0.218123374947841
0.21892324398413
0.219483639789561
0.219838509961337
0.220028522280868
0.220101384722542
0.220112165462497
0.220119069555378
0.220165731386287
0.220287417161851
0.220514679542437
0.220873562578942
0.221385806649594
0.222069053396739
0.222937050663638
0.223999857431262
0.225264048755082
0.22673292070187
0.228406695286484
0.23028272540867
0.232355699789851
0.234617847909922
0.237059144944046
0.239667516699445
0.242429044552196
0.245328170384024
0.248347901519098
0.251470015660821
0.254675265828626
0.257943585294772
0.261254292521136
0.264586296096005
0.267918299670874
0.271229006897237
0.274497326363383
0.277702576531188
0.280824690672911
0.283844421807985
0.286743547639814
0.289505075492565
0.292113447247964
0.294554744282088
0.296816892402159
0.298889866783339
0.300765896905525
0.30243967149014
0.303908543436927
0.305172734760748
0.306235541528371
0.30710353879527
0.307786785542415
0.308299029613067
0.308657912649573
0.308885175030158
0.309006860805723
0.309053522636632
0.309060426729513
0.309066883530025
0.309110522301828
0.30922432447564
0.309436863310327
0.309772495552545
0.310251553096389
0.310890534643037
0.311702297360397
0.312696248542751
0.313878537270403
0.315252246069323
0.316817582570794
0.318572071171058
0.32051074469096
0.322626336035596
0.324909469853958
0.327348854198579
0.329931472185181
0.332642773652317
0.335466866821021
0.338386709954453
0.341384303017541
0.344440879336631
0.347537097259133
0.350653231813164
0.353769366367195
0.356865584289697
0.359922160608788
0.362919753671875
0.365839596805307
0.368663689974011
0.371374991441147
0.373957609427749
0.37639699377237
0.378680127590732
0.380795718935368
0.38273439245527
0.384488881055534
0.386054217557005
0.387427926355925
0.388610215083577
0.389604166265931
0.390415928983291
0.391054910529939
0.391533968073783
0.391869600316001
0.392082139150688
0.3921959413245
0.392239580096303
0.392246036896816
0.392247754524407
0.392259363239647
0.3922896367092
0.392346175945008
0.392435460289282
0.392562898399484
0.392732879233322
0.392948823033733
0.393213232313872
0.3935277428421
0.393893174626971
0.394309582902223
0.394776309111762
0.395292031894653
0.395854818070105
0.396462173622461
0.397111094686184
0.39779811853085
0.398519374546126
0.39927063522677
0.400047367157608
0.400844781998528
0.401657887469468
0.402481538335401
0.403310487391325
0.404139436447248
0.404963087313182
0.405776192784122
0.406573607625042
0.40735033955588
0.408101600236524
0.4088228562518
0.409509880096466
0.410158801160189
0.410766156712545
0.411328942887997
0.411844665670888
0.412311391880427
0.412727800155679
0.41309323194055
0.413407742468778
0.413672151748917
0.413888095549327
0.414058076383166
0.414185514493368
0.414274798837642
0.41433133807345
0.414361611543003
0.414373220258243
0.414374937885834
0.414362709642028
0.414280064136726
0.414064539323111
0.413662021592585
0.413026382799193
0.412119117284052
0.410908978899769
0.409371618034875
0.407489218638242
0.405250135243517
0.402648529993537
0.399684009664765
0.396361262691706
0.392689696191339
0.38868307298754
0.384359148635505
0.379739308446177
0.374848204510674
0.369713392724709
0.364364969813021
0.358835210353793
0.353158203803088
0.347369491519261
0.341505703787397
0.335604196843726
0.329702689900055
0.32383890216819
0.318050189884364
0.312373183333658
0.306843423874431
0.301495000962742
0.296360189176778
0.291469085241275
0.286849245051947
0.282525320699911
0.278518697496112
0.274847130995746
0.271524384022687
0.268559863693914
0.265958258443935
0.263719175049209
0.261836775652577
0.260299414787682
0.2590892764034
0.258182010888258
0.257546372094867
0.257143854364341
0.256928329550726
0.256845684045423
0.256833455801617
0.256829707236777
0.256804372279418
0.256738303205939
0.256614911504218
0.256420056603556
0.256141934604607
0.255770967009318
0.25529968945086
0.254722640423566
0.254036250012865
0.253238728625219
0.25232995571806
0.251311368529719
0.25018585080937
0.248957621546959
0.247632123703143
0.246215912939223
0.244716546347081
0.243142471179115
0.241502913578177
0.239807767307503
0.238067482480654
0.236292954291447
0.234495411743895
0.232686306382137
0.230877201020379
0.229079658472826
0.227305130283619
0.22556484545677
0.223869699186096
0.222230141585158
0.220656066417193
0.219156699825051
0.21774048906113
0.216414991217314
0.215186761954903
0.214061244234554
0.213042657046214
0.212133884139054
0.211336362751409
0.210649972340708
0.210072923313413
0.209601645754955
0.209230678159666
0.208952556160718
0.208757701260055
0.208634309558335
0.208568240484855
0.208542905527496
0.208539156962656
0.208558640631312
0.208690322471058
0.209033725344134
0.209675070267756
0.210687854755203
0.212133431156902
0.214061585001519
0.216511113337047
0.219510403071893
0.223078009315966
0.227223233721766
0.231946702825472
0.237240946388031
0.243090975736241
0.249474862103847
0.256364314972622
0.26372526041346
0.271518419427463
0.279699886287025
0.288221706876927
0.297032457035421
0.306077820895314
0.315301169225066
0.324644137769871
0.334047205592746
0.343450273415622
0.352793241960427
0.362016590290179
0.371061954150072
0.379872704308566
0.388394524898468
0.39657599175803
0.404369150772033
0.411730096212871
0.418619549081646
0.425003435449252
0.430853464797462
0.436147708360021
0.440871177463727
0.445016401869527
0.4485840081136
0.451583297848446
0.454032826183974
0.455960980028591
0.45740655643029
0.458419340917736
0.459060685841359
0.459404088714435
0.45953577055418
0.459555254222837
0.459520101091587
0.459282516010597
0.458662936275304
0.457505798845294
0.455678496880638
0.453070336278233
0.449591492208147
0.445171965649959
0.439760539929098
0.43332373725319
0.425844775248394
0.417322523495747
0.407770460067501
0.397215628063476
0.385697592147387
0.373267395083193
0.359986514271439
0.345925818285594
0.331164523408398
0.315789150168198
0.299892479875289
0.283572511158266
0.266931416500353
0.250074498775747
0.233109147785967
0.216143796796186
0.199286879071581
0.182645784413667
0.166325815696645
0.150429145403736
0.135053772163535
0.120292477286339
0.106231781300495
0.0929509004887408
0.0805207034245467
0.0690026675084573
0.0584478355044325
0.0488957720761871
0.0403735203235397
0.0328945583187435
0.0264577556428353
0.0210463299219748
0.0166268033637865
0.0131479592937011
0.0105397986912959
0.00871249672663965
0.00755535929662959
0.0069357795613374
0.00669819448034631
0.00666304134909671
0.00670026522301178
0.00695184557402356
0.00760792249027839
0.00883322266315341
0.0107681643175513
0.0135299621421931
0.0172137322199145
0.021893596957959
0.0276237900182725
0.0344397612477975
0.0423592816087675
0.0513835481090014
0.0614982887321995
0.0726748673682306
0.0848713887434371
0.0980338033509221
0.112097012380846
0.126985972650719
0.142616801535699
0.158897881898882
0.175730967021603
0.193012285533713
0.210633646343898
0.228483543569956
0.246448261469099
0.264412979368241
0.2822628765943
0.299884237404485
0.317165555916595
0.333998641039315
0.350279721402498
0.365910550287479
0.380799510557352
0.394862719587276
0.408025134194761
0.420221655569967
0.431398234205998
0.441512974829196
0.45053724132943
0.4584567616904
0.465272732919925
0.471002925980239
0.475682790718283
0.479366560796004
0.482128358620647
0.484063300275044
0.485288600447919
0.485944677364174
0.486196257715186
0.486233481589101
0.486217399865063
0.48610871032384
0.485825267285668
0.485295904348081
0.484459957026024
0.483266785391973
0.48167529671605
0.479653468106145
0.477177869148031
0.474233184545479
0.470811736760383
0.466913008652869
0.462543166121417
0.457714580742982
0.452445352413102
0.446758831986027
0.440683143914826
0.434250708891513
0.427497766487159
0.420463897792015
0.413191548055621
0.405725549326935
0.398112643094441
0.390401002926272
0.382639757110323
0.374878511294374
0.367166871126204
0.35955396489371
0.352087966165025
0.344815616428631
0.337781747733486
0.331028805329133
0.32459637030582
0.318520682234619
0.312834161807543
0.307564933477664
0.302736348099228
0.298366505567776
0.294467777460262
0.291046329675166
0.288101645072615
0.2856260461145
0.283604217504596
0.282012728828673
0.280819557194621
0.279983609872564
0.279454246934977
0.279170803896806
0.279062114355583
0.279046032631544
0.279031679756823
0.278934674773715
0.278681702989858
0.278209248674192
0.277463169015168
0.276398268078946
0.274977870767604
0.273173396777339
0.270963934556674
0.26833581526466
0.265282186729081
0.261802587404658
0.257902520331254
0.253593027092076
0.248890261771884
0.243815064915187
0.238392537484457
0.232651614818325
0.22662464058979
0.220346940764421
0.21385639755856
0.207193023397534
0.200398534873847
0.193515926705394
0.18658904569366
0.179662164681925
0.172779556513472
0.165985067989785
0.159321693828759
0.152831150622899
0.146553450797529
0.140526476568994
0.134785553902862
0.129363026472132
0.124287829615436
0.119585064295243
0.115275571056066
0.111375503982661
0.107895904658238
0.104842276122659
0.102214156830646
0.100004694609981
0.0982002206197159
0.0967798233083737
0.0957149223721516
0.0949688427131273
0.0944963883974617
0.0942434166136043
0.0941464116304961
0.094132058755775
0.0941355054994645
0.0941588005758776
0.094219550001799
0.0943330066411644
0.0945121725160546
0.0947679011176881
0.0951089997174153
0.0955423316777116
0.0960729187631707
0.0967040434514983
0.097437351244505
0.0982729529791006
0.0992095271382868
0.10024442216215
0.101373758758858
0.102592532215647
0.103894714709823
0.10527335761975
0.106720693835842
0.108228240071562
0.109786899174413
0.111387062436928
0.113018711907668
0.114671522702214
0.11633496531416
0.117998407926105
0.119651218720651
0.121282868191392
0.122883031453906
0.124441690556757
0.125949236792478
0.12739657300857
0.128775215918496
0.130077398412672
0.131296171869461
0.132425508466169
0.133460403490032
0.134396977649219
0.135232579383814
0.135965887176821
0.136597011865149
0.137127598950608
0.137560930910904
0.137902029510631
0.138157758112265
0.138336923987155
0.13845038062652
0.138511130052442
0.138534425128855
0.138537871872544
0.138565840807689
0.13875487095907
0.139247828053288
0.140168482930483
0.141622341756789
0.143697476236789
0.14646535382597
0.149981667943174
0.154287168183062
0.159408490528558
0.165358987563308
0.172139558684142
0.179739480313515
0.188137236111978
0.197301347190611
0.207191202323508
0.2177578881602
0.228945019438128
0.240689569195103
0.252922698981739
0.265570589073935
0.278555268685301
0.291795446179643
0.305207339283387
0.318705505298067
0.332203671312746
0.34561556441649
0.358855741910833
0.371840421522198
0.384488311614394
0.39672144140103
0.408465991158005
0.419653122435933
0.430219808272626
0.440109663405522
0.449273774484156
0.457671530282618
0.465271451911991
0.472052023032826
0.478002520067576
0.483123842413072
0.487429342652959
0.490945656770164
0.493713534359344
0.495788668839344
0.49724252766565
0.498163182542845
0.498656139637063
0.498845169788445
0.498873138723589
0.498844289908113
0.498649313019349
0.498140847889194
0.497191229945866
0.495691633883622
0.493551217332492
0.490696264527994
0.487069329980871
0.482628382146804
0.47734594709615
0.471208252183657
0.464214369718193
0.456375360632475
0.447713418152785
0.438261011468709
0.428060029402845
0.417160924080546
0.405621854599638
0.393507830700133
0.380889856433981
0.367844073834765
0.354450906587456
0.34079420369811
0.326960383163622
0.313037575641418
0.299114768119214
0.285280947584725
0.271624244695379
0.258231077448071
0.245185294848854
0.232567320582703
0.220453296683197
0.208914227202289
0.19801512187999
0.187814139814126
0.17836173313005
0.16969979065036
0.161860781564643
0.154866899099178
0.148729204186686
0.143446769136031
0.139005821301964
0.135378886754841
0.132523933950344
0.130383517399213
0.12888392133697
0.127934303393641
0.127425838263487
0.127230861374722
0.127202012559246
0.127195253382154
0.127149570975499
0.127030439364604
0.126807947184484
0.126456597044639
0.125955104893851
0.125286199384983
0.12443642123977
0.12339592261362
0.122158266460406
0.120720225897265
0.119081583569393
0.117244931014841
0.11521546802931
0.113000802030951
0.110610747425153
0.10805712496935
0.10535356113781
0.102515287486429
0.0995589400175351
0.0965023585446759
0.0933643860574228
0.0901646680861585
0.0869234520668822
0.0836613867059962
0.0803993213451102
0.0771581053258339
0.0739583873545696
0.0708204148673165
0.0677638333944573
0.0648074859255634
0.0619692122741823
0.0592656484426421
0.0567120259868392
0.0543219713810418
0.0521073053826822
0.0500778423971513
0.0482411898425994
0.0466025475147273
0.0451645069515868
0.0439268507983726
0.0428863521722222
0.0420365740270096
0.0413676685181413
0.0408661763673537
0.0405148262275085
0.0402923340473884
0.0401732024364938
0.0401275200298385
0.0401207608527461
0.0401249092629012
0.040152946604886
0.0402260630179739
0.0403626164484893
0.0405782557886319
0.0408860440152996
0.0412965813289139
0.0418181282922418
0.042456728969222
0.0432163340637864
0.0440989240586852
0.0451046323543117
0.0462318684075234
0.0474774408704695
0.0488366807294107
0.0503035644435474
0.0518708370838397
0.053530135471833
0.0552721113184832
0.0570865543629771
0.0589625155115606
0.0608884299763579
0.0628522404142002
0.0648415200654444
0.0668435958928026
0.0688456717201608
0.0708349513714051
0.0727987618092474
0.0747246762740446
0.0766006374226282
0.0784150804671221
0.0801570563137723
0.0818163547017655
0.0833836273420578
0.0848505110561945
0.0862097509151358
0.0874553233780818
0.0885825594312936
0.08958826772692
0.0904708577218189
0.0912304628163833
0.0918690634933634
0.0923906104566914
0.0928011477703056
0.0931089359969734
0.0933245753371159
0.0934611287676313
0.0935342451807192
0.0935622825227041
0.0935664309328592
0.0935776818781289
0.093653722237782
0.0938520220035287
0.0942223699478481
0.0948072075900423
0.0956419631622887
0.0967553855756951
0.0981698783863514
0.0999018337613855
0.101961966445014
0.104355647724597
0.107083239396695
0.110140427733113
0.113518557446967
0.117204965658725
0.121183315862272
0.125433931890953
0.129934131883631
0.134658562250747
0.139579531640359
0.144667344904211
0.149890637063773
0.155216707276309
0.160611852800913
0.166041702964581
0.171471553128249
0.176866698652853
0.182192768865389
0.187416061024952
0.192503874288804
0.197424843678416
0.202149274045532
0.20664947403821
0.210900090066891
0.214878440270438
0.218564848482196
0.22194297819605
0.225000166532468
0.227727758204566
0.230121439484149
0.232181572167777
0.233913527542811
0.235328020353468
0.236441442766874
0.237276198339121
0.237861035981315
0.238231383925634
0.238429683691381
0.238505724051034
0.238516974996304
0.238531537429352
0.238629958728176
0.238886624012115
0.239365976370031
0.240122949122504
0.241203398084022
0.242644533825181
0.244475353934875
0.246717075282497
0.249383566280126
0.252481779144726
0.256012182160344
0.259969191940295
0.264341605689369
0.269113033466014
0.274262330444541
0.27976402917731
0.285588771856927
0.291703742578449
0.298073099601558
0.30465840761278
0.311419069987656
0.318312761052958
0.325295858348864
0.332323874891174
0.339351891433484
0.34633498872939
0.353228679794692
0.359989342169568
0.36657465018079
0.372944007203899
0.379058977925421
0.384883720605038
0.390385419337807
0.395534716316334
0.400306144092979
0.404678557842053
0.408635567622004
0.412165970637622
0.415264183502222
0.417930674499851
0.420172395847473
0.422003215957167
0.423444351698326
0.424524800659844
0.425281773412317
0.425761125770233
0.426017791054172
0.426116212352996
0.426130774786044
0.42612783276529
0.42610794889679
0.426056095295837
0.425959252647305
0.42580632287653
0.425588041820205
0.425296891897264
0.424927014779771
0.424474124063807
0.423935417940358
0.423309491866207
0.422596251234813
0.42179682404721
0.420913473582884
0.41994951107067
0.418909208359635
0.417797710589964
0.416620948863857
0.415385552916404
0.414098763786484
0.412768346487647
0.411402502679005
0.410009783336115
0.408599001421875
0.407179144557402
0.405759287692929
0.404348505778689
0.402955786435799
0.401589942627157
0.40025952532832
0.398972736198401
0.397737340250948
0.39656057852484
0.39544908075517
0.394408778044134
0.39344481553192
0.392561465067594
0.391762037879991
0.391048797248597
0.390422871174446
0.389884165050998
0.389431274335033
0.38906139721754
0.388770247294599
0.388551966238274
0.388399036467499
0.388302193818967
0.388250340218014
0.388230456349514
0.38822751432876
0.388229761271857
0.388244947405746
0.388284550148374
0.388358512889916
0.388475311689631
0.388642021972724
0.388864385227207
0.389146875700752
0.38949276709756
0.389904199275213
0.390382244941541
0.390926976351474
0.391537532003907
0.392212183338558
0.392948401432828
0.393742923698662
0.394591820579406
0.395490562246669
0.396434085297181
0.397416859449654
0.398432954241644
0.399476105726405
0.400539783169754
0.401617255746927
0.402701659239443
0.403786062731959
0.404863535309132
0.405927212752481
0.406970364237241
0.407986459029232
0.408969233181705
0.409912756232217
0.41081149789948
0.411660394780224
0.412454917046058
0.413191135140328
0.413865786474979
0.414476342127412
0.415021073537345
0.415499119203672
0.415910551381326
0.416256442778134
0.416538933251679
0.416761296506161
0.416928006789255
0.41704480558897
0.417118768330512
0.41715837107314
0.417173557207029
